1.000000000000000021e-02
1.105295141126021521e-02
1.221677348996791888e-02
1.350314037869872891e-02
1.492495545051829124e-02
1.649648074098020514e-02
1.823348000868441413e-02
2.015337685941732959e-02
2.227542951999557375e-02
2.462092401494625493e-02
2.721338768375307360e-02
3.007882518043098960e-02
3.324597932270941664e-02
3.674661940736687754e-02
4.061585988376979761e-02
4.489251258218605184e-02
4.961947603002903051e-02
5.484416576121017850e-02
6.061898993497571997e-02
6.700187503509590081e-02
7.405684692262434754e-02
8.185467307069028975e-02
9.047357242349297890e-02
1.000000000000000056e-01
1.105295141126021452e-01
1.221677348996791784e-01
1.350314037869872752e-01
1.492495545051829020e-01
1.649648074098020722e-01
1.823348000868441343e-01
2.015337685941733237e-01
2.227542951999557652e-01
2.462092401494625493e-01
2.721338768375307082e-01
3.007882518043099029e-01
3.324597932270940137e-01
3.674661940736688170e-01
4.061585988376979484e-01
4.489251258218605600e-01
4.961947603002903051e-01
5.484416576121018405e-01
6.061898993497571997e-01
6.700187503509587028e-01
7.405684692262434199e-01
8.185467307069028697e-01
9.047357242349297612e-01
1.000000000000000000e+00
1.105295141126021008e+00
1.221677348996791812e+00
1.350314037869873474e+00
1.492495545051829131e+00
1.649648074098020611e+00
1.823348000868440399e+00
2.015337685941732904e+00
2.227542951999556209e+00
2.462092401494625715e+00
2.721338768375308526e+00
3.007882518043099029e+00
3.324597932270941580e+00
3.674661940736688059e+00
4.061585988376979373e+00
4.489251258218603269e+00
4.961947603002903051e+00
5.484416576121015297e+00
6.061898993497572441e+00
6.700187503509590137e+00
7.405684692262434865e+00
8.185467307069028919e+00
9.047357242349292505e+00
1.000000000000000000e+01
