5.000000000000000000e-01
8.734177215189873333e-01
1.246835443037974667e+00
1.620253164556962000e+00
1.993670886075949333e+00
2.367088607594936889e+00
2.740506329113924000e+00
3.113924050632911111e+00
3.487341772151898667e+00
3.860759493670886222e+00
4.234177215189873777e+00
4.607594936708860445e+00
4.981012658227848000e+00
5.354430379746835555e+00
5.727848101265822223e+00
6.101265822784809778e+00
6.474683544303797333e+00
6.848101265822784889e+00
7.221518987341772444e+00
7.594936708860759111e+00
7.968354430379746667e+00
8.341772151898734222e+00
8.715189873417720889e+00
9.088607594936709333e+00
9.462025316455696000e+00
9.835443037974682667e+00
1.020886075949367111e+01
1.058227848101265778e+01
1.095569620253164445e+01
1.132911392405063289e+01
1.170253164556961956e+01
1.207594936708860800e+01
1.244936708860759467e+01
1.282278481012658133e+01
1.319620253164556978e+01
1.356962025316455644e+01
1.394303797468354489e+01
1.431645569620253156e+01
1.468987341772151822e+01
1.506329113924050667e+01
1.543670886075949333e+01
1.581012658227848000e+01
1.618354430379746844e+01
1.655696202531645511e+01
1.693037974683544178e+01
1.730379746835442845e+01
1.767721518987341867e+01
1.805063291139240533e+01
1.842405063291139200e+01
1.879746835443037867e+01
1.917088607594936533e+01
1.954430379746835555e+01
1.991772151898734222e+01
2.029113924050632889e+01
2.066455696202531556e+01
2.103797468354430222e+01
2.141139240506328889e+01
2.178481012658227911e+01
2.215822784810126578e+01
2.253164556962025245e+01
2.290506329113923911e+01
2.327848101265822578e+01
2.365189873417721600e+01
2.402531645569620267e+01
2.439873417721518933e+01
2.477215189873417600e+01
2.514556962025316267e+01
2.551898734177215289e+01
2.589240506329113956e+01
2.626582278481012622e+01
2.663924050632911289e+01
2.701265822784809956e+01
2.738607594936708978e+01
2.775949367088607644e+01
2.813291139240506311e+01
2.850632911392404978e+01
2.887974683544303645e+01
2.925316455696202311e+01
2.962658227848101333e+01
3.000000000000000000e+01
